5
5 5
2 3 4 5 0
3 428538 54277
3 417360 4017
3 892741 445551
4 964351 433610
4 472928 556419
5 5
2 0 5 3 1
2 145658 137247
5 616008 743457
3 236233 341788
5 338103 325826
2 722091 315410
5 5
5 0 4 2 3
1 904355 654626
2 418807 822821
4 45452 454729
5 4372 624796
3 138698 133893
5 5
2 0 1 5 2
1 698219 122911
5 682494 893039
3 293682 893575
1 804585 301494
5 634397 319946
15 15
5 4 4 9 3 7 9 15 0 3 12 6 9 3 9
2 305062 35660
3 843437 749658
11 170333 369270
1 311572 416623
8 860851 743360
4 16581 926304
5 369493 824555
6 517688 889937
8 710314 148564
7 21922 973381
13 790964 3688
7 989786 105365
1 359041 27784
6 623431 2814
6 678899 377943
