50
2 2
11
5 3
01011
11 4
01100001101
7 7
0011111
7 6
0011101
2 1
11
11 5
10011000010
11 8
00111010100
4 3
0100
7 6
0101111
9 2
010010100
4 1
1110
7 2
1110111
7 5
0000001
3 3
011
3 1
110
4 1
0000
5 1
00100
5 1
01011
3 3
101
8 4
00000110
7 5
0010110
7 6
1000000
11 11
10110110001
11 2
10111000011
7 2
1110100
4 2
0101
2 2
01
6 2
110100
5 5
10101
4 4
0110
7 1
1110100
6 5
100110
4 1
0110
6 3
010011
9 7
000010001
5 4
10110
11 8
00101011000
11 6
00001101011
5 1
00001
10 7
1011011010
4 1
0100
4 2
1001
5 3
11110
3 1
101
2 1
01
10 5
0100000010
8 1
11000100
3 3
011
2 2
00
